print(fcn16s_fine_history)
"""
{'train_loss': [0.618558292388916, 0.3186431923508644, 0.28251024946570397, 0.26343734622001647, 0.2510325710475445, 0.24323353856801988, 0.23813427239656448, 0.23253601744771005, 0.2282365508377552, 0.22447704941034316], 'val_loss': [0.35583343744277957, 0.3027952301502228, 0.28384380221366884, 0.27250785410404205, 0.2626274168491364, 0.2582139831781387, 0.2547237479686737, 0.25048756539821626, 0.24620579361915587, 0.24402423441410065], 'train_iou': [0.6599716544151306, 0.7695587873458862, 0.7870339751243591, 0.7966219782829285, 0.8024434447288513, 0.805971086025238, 0.8084903359413147, 0.8118104338645935, 0.8139222264289856, 0.8151863813400269], 'val_iou': [0.7498899698257446, 0.7741222381591797, 0.7815893888473511, 0.7920249104499817, 0.7927541136741638, 0.7976386547088623, 0.7961347103118896, 0.7945650815963745, 0.802237868309021, 0.8014976978302002], 'class_ious': [array([0.8534602 , 0.7164713 , 0.17716454, 0.09629406, 0.        ,
       0.01218916, 0.04854847, 0.8730785 , 0.707397  , 0.62309647,
       0.91930586, 0.19722994, 0.0124518 ], dtype=float32), array([0.8699741 , 0.759525  , 0.21374471, 0.19223787, 0.        ,
       0.0303174 , 0.05397153, 0.88582855, 0.74047655, 0.6577039 ,
       0.9307713 , 0.31961852, 0.11348751], dtype=float32), array([0.8721515 , 0.7711921 , 0.22749597, 0.23255642, 0.10465116,
       0.03256356, 0.01904321, 0.8992688 , 0.76331234, 0.6624018 ,
       0.9389987 , 0.3909091 , 0.2045994 ], dtype=float32), array([0.8796631 , 0.77111214, 0.2376225 , 0.2250185 , 0.02466236,
       0.03514772, 0.0524371 , 0.90161544, 0.77588814, 0.68221945,
       0.94064647, 0.39437658, 0.21777709], dtype=float32), array([0.8802352 , 0.7854881 , 0.23393658, 0.27942732, 0.        ,
       0.05799823, 0.13334905, 0.9008593 , 0.78146195, 0.67918503,
       0.9429821 , 0.4101269 , 0.21049032], dtype=float32), array([0.8828629 , 0.79434025, 0.23671328, 0.2581867 , 0.00757135,
       0.05550507, 0.10235763, 0.90265113, 0.78357047, 0.6880745 ,
       0.94362736, 0.44549614, 0.2612456 ], dtype=float32), array([0.88167864, 0.79563254, 0.23875083, 0.2564166 , 0.07815174,
       0.04816084, 0.18761918, 0.90062773, 0.792284  , 0.6842965 ,
       0.94733554, 0.44194624, 0.20902058], dtype=float32), array([0.8832483 , 0.80025506, 0.23295464, 0.2695433 , 0.16213389,
       0.08612753, 0.12997769, 0.9036123 , 0.785962  , 0.6856014 ,
       0.9462092 , 0.46384898, 0.24008834], dtype=float32), array([0.885367  , 0.7963216 , 0.2555712 , 0.2678915 , 0.01270942,
       0.07121459, 0.11344088, 0.9078647 , 0.79732263, 0.69474226,
       0.9469545 , 0.4593583 , 0.28469136], dtype=float32), array([0.88457847, 0.8041857 , 0.20677544, 0.32062054, 0.00534125,
       0.05719043, 0.11073336, 0.9062143 , 0.79823303, 0.69335693,
       0.94933015, 0.47884673, 0.2505968 ], dtype=float32)], 'learning_rates': [1e-05, 1e-05, 1e-05, 1e-05, 1e-05, 1e-05, 1e-05, 1e-05, 1e-05, 1e-05]}
"""